timestamps:
  login: 1645906486383
  lastteleport: 1645906713598
  logout: 1645908190408
  lastheal: 0
  mute: 0
  jail: 0
  onlinejail: 0
lastlocation:
  world: 0d3982ce-45a9-4163-9f51-c5997ae4b00a
  x: 137.5928749518577
  y: 63.5078798053447
  z: 30.693991697039046
  yaw: -98.75439453125
  pitch: 17.34065055847168
  world-name: world
homes:
  villa:
    world: 0d3982ce-45a9-4163-9f51-c5997ae4b00a
    x: -3702.5
    y: 67.0
    z: 6997.5
    yaw: -0.015462318435311317
    pitch: 90.0
    world-name: world
  projetmedieval:
    world: 7ed6cd7a-5308-4d6f-be72-6919769ec8ab
    x: 1623.283669753621
    y: 126.0
    z: -974.6492832657913
    yaw: -89.24485778808594
    pitch: 86.09999084472656
    world-name: Test
  end_spawn:
    world: 7ed6cd7a-5308-4d6f-be72-6919769ec8ab
    world-name: Test
    x: 1415.989553648789
    y: 4.0
    z: -1932.911865883381
    yaw: 146.39874267578125
    pitch: 11.849695205688477
  steampunk:
    world: 2cba182d-62a0-4222-9488-9f4d99dc7d38
    world-name: test2
    x: -15.568454827077023
    y: 135.0
    z: -122.68980161444331
    yaw: -95.09979248046875
    pitch: 29.850086212158203
money: '0'
logoutlocation:
  world: 0d3982ce-45a9-4163-9f51-c5997ae4b00a
  x: 57.53556194692586
  y: 50.76301627707196
  z: 10.691565131801365
  yaw: -113.0897216796875
  pitch: 21.449546813964844
  world-name: world
afk: false
ip-address: 109.209.148.21
last-account-name: Songrad
teleportenabled: true
teleportauto: false
godmode: false
muted: false
jailed: false
socialspy: false
npc: false
powertoolsenabled: true
accepting-pay: true
baltop-exempt: false
