teleportenabled: true
teleportauto: false
godmode: false
muted: false
jailed: false
ip-address: 176.148.161.98
afk: false
socialspy: false
npc: false
powertoolsenabled: true
accepting-pay: true
baltop-exempt: false
timestamps:
  lastteleport: 1678646771165
  lastheal: 0
  mute: 0
  jail: 0
  onlinejail: 0
  logout: 1679413320689
  login: 1679413310893
money: '103946.002'
last-account-name: Rainbow__poop
lastlocation:
  world: 0d3982ce-45a9-4163-9f51-c5997ae4b00a
  world-name: world
  x: 153.84907186921347
  y: 64.0
  z: 19.51003798668316
  yaw: -179.68475341796875
  pitch: -1.6498417854309082
logoutlocation:
  world: 0d3982ce-45a9-4163-9f51-c5997ae4b00a
  world-name: world
  x: 7468.748666002787
  y: 64.0
  z: 3765.2184519716902
  yaw: -125.84915161132812
  pitch: 22.650026321411133
homes:
  home:
    world: 0d3982ce-45a9-4163-9f51-c5997ae4b00a
    world-name: world
    x: 7467.2211721259
    y: 64.0
    z: 3771.502123586456
    yaw: -5.399169921875
    pitch: 11.700220108032227
  temple:
    world: 0d3982ce-45a9-4163-9f51-c5997ae4b00a
    world-name: world
    x: 583.2876458390231
    y: 66.0
    z: -4251.953896318235
    yaw: -19.5487060546875
    pitch: 14.250059127807617
  manoir:
    world: 0d3982ce-45a9-4163-9f51-c5997ae4b00a
    world-name: world
    x: 5433.382074261544
    y: 72.0
    z: -7311.465390211315
    yaw: 94.816162109375
    pitch: 6.000233173370361
