teleportenabled: true
teleportauto: false
godmode: false
muted: false
jailed: false
ip-address: 82.65.173.153
afk: false
socialspy: false
npc: false
powertoolsenabled: true
accepting-pay: true
baltop-exempt: false
timestamps:
  lastteleport: 1725446269194
  lastheal: 0
  mute: 0
  jail: 0
  onlinejail: 0
  logout: 1725446385899
  login: 1725445940133
  kits:
    debutant: 1663577773844
    stationaute: 1682879692250
    explorateur: 1667127088591
    stadawan: 1667127113491
    vip: 1682887468073
    spaceranger: 1667127080890
    ambassadeur: 1667127089251
    color: 1678022809500
money: '570.48'
last-account-name: Tymilk
lastlocation:
  world: 0d3982ce-45a9-4163-9f51-c5997ae4b00a
  world-name: world
  x: 154.5
  y: 64.0
  z: 19.5
  yaw: -171.73419189453125
  pitch: 14.39987564086914
logoutlocation:
  world: 0d3982ce-45a9-4163-9f51-c5997ae4b00a
  world-name: world
  x: 4803.31352090606
  y: 63.0
  z: -2687.098262293599
  yaw: 19.215917587280273
  pitch: 32.54996109008789
homes:
  home:
    world: 15269e4b-e554-4ca6-a1f2-2672670f37ad
    world-name: Althium
    x: -1866.3655472284963
    y: 64.0
    z: 1726.79355441599
    yaw: -129.7437744140625
    pitch: 6.749734401702881
  ressource:
    world: 1c5ecae9-0331-471a-b4f1-02a6857928e0
    world-name: Ressource
    x: 2649.28446598165
    y: 63.0
    z: 1165.7878213457336
    yaw: 61.75238037109375
    pitch: 8.250858306884766
  mine:
    world: 1c5ecae9-0331-471a-b4f1-02a6857928e0
    world-name: Ressource
    x: 2662.5536767626986
    y: -2.0
    z: 1080.699999988079
    yaw: -113.47140502929688
    pitch: 54.74964141845703
