teleportenabled: true
teleportauto: false
godmode: false
muted: false
jailed: false
ip-address: 176.184.67.218
afk: false
socialspy: false
npc: false
powertoolsenabled: true
accepting-pay: true
baltop-exempt: false
timestamps:
  lastteleport: 1684438805449
  lastheal: 0
  mute: 0
  jail: 0
  onlinejail: 0
  logout: 1684440558835
  login: 1684438757843
money: '450.0'
last-account-name: PAPAlexiiiiis
lastlocation:
  world: 0d3982ce-45a9-4163-9f51-c5997ae4b00a
  world-name: world
  x: 255.6449105743631
  y: 133.1875
  z: 140.2509688745063
  yaw: -89.37875366210938
  pitch: 11.700366020202637
logoutlocation:
  world: 15269e4b-e554-4ca6-a1f2-2672670f37ad
  world-name: Althium
  x: 1994.4769569245789
  y: 64.0
  z: 3475.3207940776065
  yaw: -127.95144653320312
  pitch: 19.649818420410156
homes:
  m:
    world: 1049c39c-53b0-4a8e-b1fc-50afc7933998
    world-name: Ressource
    x: -2233.075880541363
    y: 75.0
    z: -1685.8933153221926
    yaw: -22.650421142578125
    pitch: 18.00015640258789
  p:
    world: 15269e4b-e554-4ca6-a1f2-2672670f37ad
    world-name: Althium
    x: 2003.877988623839
    y: 64.0
    z: 3479.1752020841936
    yaw: 174.9010009765625
    pitch: 35.39973449707031
  m2:
    world: 1049c39c-53b0-4a8e-b1fc-50afc7933998
    world-name: Ressource
    x: -736.3000000119209
    y: -54.0
    z: -2038.5584477721384
    yaw: -92.54986572265625
    pitch: 33.748497009277344
  n:
    world: 239dfc2c-a5b9-4558-96a3-0458f2b9d849
    world-name: RessourceNether
    x: -137.84283046176554
    y: 37.0
    z: 5.465973445454473
    yaw: 90.00060272216797
    pitch: 15.599831581115723
  boutique:
    world: 15269e4b-e554-4ca6-a1f2-2672670f37ad
    world-name: Althium
    x: -137.53078535353038
    y: 70.0625
    z: -30.514833473807748
    yaw: -80.694091796875
    pitch: 35.84980773925781
  m3:
    world: 1049c39c-53b0-4a8e-b1fc-50afc7933998
    world-name: Ressource
    x: -534.4430009261345
    y: 11.0
    z: -2183.5317861459876
    yaw: -91.20285034179688
    pitch: 43.6494026184082
