timestamps:
  login: 1633024386166
  lastteleport: 1633025197832
  logout: 1633025199566
  mute: 0
  jail: 0
  lastheal: 0
  onlinejail: 0
lastlocation:
  world: 0d3982ce-45a9-4163-9f51-c5997ae4b00a
  x: -403.84184733344745
  y: 66.0625
  z: 1203.4176711992918
  yaw: 92.83981323242188
  pitch: 12.986061096191406
  world-name: world
logoutlocation:
  world: 0d3982ce-45a9-4163-9f51-c5997ae4b00a
  x: -403.5
  y: 66.0
  z: 1201.5
  yaw: 76.30093383789062
  pitch: 14.85025405883789
  world-name: world
money: '0'
homes:
  home:
    world: 0d3982ce-45a9-4163-9f51-c5997ae4b00a
    x: -403.5493239757327
    y: 66.0625
    z: 1201.1878638436758
    yaw: 76.30093383789062
    pitch: 14.85025405883789
    world-name: world
  base:
    world: 0d3982ce-45a9-4163-9f51-c5997ae4b00a
    x: -111.27348126427333
    y: 252.0
    z: 1489.3401959260966
    yaw: -236.61351013183594
    pitch: 26.850004196166992
    world-name: world
  end:
    world: 0d3982ce-45a9-4163-9f51-c5997ae4b00a
    x: -557.6661250857786
    y: 63.0
    z: -447.65099368434704
    yaw: 89.35408782958984
    pitch: 6.254293918609619
    world-name: world
muted: false
afk: false
jailed: false
ip-address: 109.20.126.114
last-account-name: Aymeric_Games
teleportenabled: true
teleportauto: false
godmode: false
socialspy: false
npc: false
powertoolsenabled: true
accepting-pay: true
baltop-exempt: false
