teleportenabled: true
teleportauto: false
godmode: false
muted: false
jailed: false
ip-address: 81.185.171.41
afk: false
socialspy: false
npc: false
powertoolsenabled: true
accepting-pay: true
baltop-exempt: false
timestamps:
  lastteleport: 1643214612864
  lastheal: 0
  mute: 0
  jail: 0
  onlinejail: 0
  logout: 1643214978855
  login: 1643214372805
money: '0'
last-account-name: Raxoun_
lastlocation:
  world: 0d3982ce-45a9-4163-9f51-c5997ae4b00a
  world-name: world
  x: 6264.487500011921
  y: 59.0
  z: -3166.35707361678
  yaw: -277.666259765625
  pitch: 58.19968795776367
homes:
  marai:
    world: 53088384-c7c2-4056-b289-104b018f6c26
    world-name: Ressource
    x: -255.06864674559495
    y: 86.0
    z: 1278.2938061563568
    yaw: 277.95050048828125
    pitch: 21.600021362304688
  base:
    world: 0d3982ce-45a9-4163-9f51-c5997ae4b00a
    world-name: world
    x: 5975.435775278469
    y: 72.0
    z: 4250.119350326381
    yaw: -20.3232421875
    pitch: 26.891048431396484
  base2:
    world: 0d3982ce-45a9-4163-9f51-c5997ae4b00a
    world-name: world
    x: 6245.935826158828
    y: 65.0
    z: -3163.782305476062
    yaw: 244.9346923828125
    pitch: 16.349943161010742
logoutlocation:
  world: 0d3982ce-45a9-4163-9f51-c5997ae4b00a
  world-name: world
  x: 6260.300000011921
  y: 59.0
  z: -3182.41060179411
  yaw: 4.18450927734375
  pitch: 19.4998836517334
